0. 1.002503
10. 2.977050
20. 31.335887
30. 21.579730
40. 28.234474
50. 31.436964
60. 28.051912
70. 25.080935
80. 28.582812
90. 23.222541
100. 27.583148
110. 24.354778
120. 30.536607
130. 22.767693
140. 24.918577
150. 31.064089
160. 24.963622
170. 27.175542
180. 24.929197
190. 23.878323
200. 1.162847
210. 2.684194
220. 1.284860
230. 22.958495
240. 23.365307
250. 31.731895
260. 24.575854
270. 32.246620
280. 30.655873
290. 28.425398
300. 23.073733
310. 25.864956
320. 24.949095
330. 28.414655
340. 30.880978
350. 27.253853
360. 31.273873
370. 22.471419
380. 31.169256
390. 23.142399
400. 25.571306
410. 27.907071
420. 27.275887
430. 24.048433
440. 31.198065
450. 23.071169
460. 2.161962
470. 2.118809
480. 2.463485
490. 2.596301
500. 1.538713
510. 2.998657
520. 2.830866
530. 2.704031
540. 2.787896
550. 1.271554
560. 1.527238
570. 2.730399
580. 2.749565
590. 1.118473
600. 2.902646
610. 1.272225
620. 1.595843
630. 2.865047
640. 1.263924
650. 1.696310
660. 2.081149
670. 2.231056
680. 2.125156
690. 1.388501
700. 2.791559
710. 1.581256
720. 1.457289
730. 1.004456
740. 1.395337
750. 1.174688
760. 2.938414
770. 1.719260
780. 1.892911
790. 2.415021
800. 1.203436
810. 2.477584
820. 1.866543
830. 1.100284
840. 1.094607
850. 1.243477
860. 1.730552
870. 2.673330
880. 2.911130
890. 2.250832
900. 1.981475
910. 1.471206
920. 1.659017
930. 1.252754
940. 2.447615
950. 1.975799
960. 2.301492
970. 2.772088
980. 1.539445
990. 2.063326
1000. 1.008789
1010. 1.350963
1020. 1.499527
1030. 2.254677
1040. 2.408246
1050. 2.801508
1060. 1.652303
1070. 2.965087
1080. 2.834040
1090. 1.454726
1100. 1.654439
1110. 1.754479
1120. 1.577532
1130. 1.411817
1140. 2.744438
1150. 2.577258
1160. 23.705771
1170. 26.834834
1180. 27.189703
1190. 21.522782
1200. 29.099124
1210. 26.444807
1220. 21.546037
1230. 31.612445
1240. 22.539293
1250. 26.190161
1260. 23.622150
1270. 26.385601
1280. 22.014374
1290. 27.840968
1300. 29.253243
1310. 26.522996
1320. 26.332194
1330. 26.113926
1340. 29.344127
1350. 21.900784
1360. 27.620136
1370. 23.169378
1380. 2.687735
1390. 2.244118
1400. 2.261391
1410. 24.354411
1420. 32.120579
1430. 25.430799
1440. 25.343760
1450. 21.574725
1460. 23.649983
1470. 26.657826
1480. 24.228614
1490. 31.363659
1500. 27.744285
1510. 22.138768
1520. 24.539720
1530. 22.648488
1540. 25.340037
1550. 25.727073
1560. 30.453230
1570. 27.833583
1580. 29.476028
1590. 30.002350
1600. 27.495315
1610. 25.298776
1620. 29.792505
1630. 28.770623
1640. 25.045106
1650. 29.901517
1660. 29.031373
1670. 27.564898
1680. 22.832148
1690. 2.073275
1700. 2.663381
1710. 1.701621
1720. 1.808863
1730. 2.141758
1740. 1.889798
1750. 1.823389
1760. 2.205542
1770. 2.378582
1780. 2.340007
1790. 1.618305
1800. 1.762902
1810. 1.759117
1820. 2.681753
1830. 2.899594
1840. 2.142918
1850. 1.747032
1860. 1.383679
1870. 1.593829
1880. 2.433332
1890. 1.544267
1900. 1.965117
1910. 2.990905
1920. 2.397565
1930. 1.341136
1940. 2.246132
1950. 23.827113
1960. 21.877773
1970. 30.460189
1980. 30.776666
1990. 23.152409
2000. 24.256752
2010. 26.834284
2020. 27.069704
2030. 32.708853
2040. 21.061831
2050. 32.018769
2060. 29.189825
2070. 28.312174
2080. 26.034150
2090. 22.208289
2100. 22.818354
2110. 30.662648
2120. 22.921323
2130. 30.732170
2140. 27.895474
2150. 31.841945
2160. 27.979583
2170. 22.550096
2180. 2.340983
2190. 2.354961
2200. 1.375561
2210. 1.942656
2220. 1.015809
2230. 1.613849
2240. 1.644368
2250. 2.488693
2260. 2.901852
2270. 2.792779
2280. 2.444685
2290. 1.740318
2300. 2.953124
2310. 1.667074
2320. 1.388745
2330. 2.412641
2340. 2.502731
2350. 1.953703
2360. 2.593005
2370. 1.286752
2380. 1.512650
2390. 1.560930
2400. 2.927488
2410. 1.460524
2420. 2.823847
2430. 2.838374
2440. 2.266335
2450. 2.598071
2460. 2.405988
2470. 28.535997
2480. 26.796564
2490. 23.311106
2500. 25.904263
2510. 24.462996
2520. 31.192816
2530. 25.662801
2540. 28.266396
2550. 27.717429
2560. 24.215491
2570. 27.896207
2580. 22.196265
2590. 31.760460
2600. 22.507675
2610. 25.491470
2620. 26.170019
2630. 24.717948
2640. 25.002197
2650. 27.844569
2660. 24.201086
2670. 31.879666
2680. 27.419630
2690. 28.764214
2700. 26.343425
2710. 32.199072
2720. 2.932127
2730. 1.242256
2740. 2.840876
2750. 1.105045
2760. 1.093265
2770. 25.947478
2780. 27.274789
2790. 29.523637
2800. 23.048036
2810. 26.063021
2820. 28.454756
2830. 30.040864
2840. 29.398694
2850. 31.388623
2860. 23.498978
2870. 25.135685
2880. 27.981536
2890. 31.551347
2900. 24.068087
2910. 30.783685
2920. 23.868313
2930. 30.000336
2940. 31.769433
2950. 23.030457
2960. 1.280709
2970. 27.788720
2980. 22.439924
2990. 27.370861
3000. 25.442763
3010. 25.434339
3020. 22.870846
3030. 23.331553
3040. 26.858760
3050. 30.092929
3060. 26.758660
3070. 25.129948
3080. 31.093020
3090. 27.439161
3100. 28.007477
3110. 27.304331
3120. 30.224891
3130. 28.500290
3140. 28.497482
3150. 24.995117
3160. 25.560808
3170. 24.154576
3180. 26.586108
3190. 22.444197
3200. 30.133946
3210. 29.632954
3220. 25.606647
3230. 27.495315
3240. 25.202826
3250. 1.209296
3260. 28.423627
3270. 24.952818
3280. 30.402875
3290. 29.685751
3300. 28.279153
3310. 22.898923
3320. 29.937651
3330. 30.777032
3340. 23.115421
3350. 23.425550
3360. 23.667623
3370. 29.389660
3380. 30.332255
3390. 26.667165
3400. 25.995331
3410. 22.225135
3420. 29.459609
3430. 28.016083
3440. 31.705893
3450. 25.492691
3460. 28.662404
3470. 32.623585
3480. 30.467452
3490. 25.408826
3500. 25.237129
3510. 29.897366
3520. 27.330638
3530. 1.514969
3540. 2.647023
3550. 1.738548
3560. 1.943144
3570. 2.251808
3580. 2.874020
3590. 2.685171
3600. 1.303354
